1.211056198 0.783214599 0.206655865
1.407433732 0.618689239 0.163102715
1.800188806 0.386061185 0.074204175
1.952722195 0.34296882 0.065772813
2.563224214 0.190020231 0.023603078
2.781708035 0.133494655 0.025629852
2.999823421 0.105433035 0.02021941
3.261782947 0.074042799 0.019519624
3.501636182 0.058467793 0.011225325
3.545664542 0.049032675 0.009403237
3.80725563 0.038711545 0.007440681
3.894943909 0.030607445 0.00586974
4.003448946 0.032423261 0.004027407
4.222301207 0.020261516 0.00688999
4.440048153 0.017990099 0.006113205
4.462154442 0.015999478 0.003071765
4.636794124 0.012640858 0.002426938
4.8770158 0.00887895 0.001704684
5.051102826 0.008361911 0.00220634
5.094946966 0.007435306 0.001427516
5.269955088 0.005225415 0.001003236
5.57612719 0.002902495 0.000557255
5.751135312 0.002039827 0.000538221
6.186997645 0.001430434 0.000274631
6.449509827 0.000842754 0.000222559
6.66983584 0.000329701 6.33E-05
7.106619268 0.000172533 7.26E-05
