37
0.018951 0.986324 0.000117
0.019791 0.985726 0.000117
0.020704 0.985076 0.000118
0.021695 0.984371 0.000119
0.022769 0.983609 0.000120
0.023958 0.982766 0.000118
0.025270 0.981837 0.000120
0.026713 0.980818 0.000120
0.028359 0.979657 0.000118
0.030224 0.978345 0.000120
0.032322 0.976872 0.000120
0.034708 0.975202 0.000121
0.037441 0.973295 0.000122
0.040591 0.971105 0.000123
0.044236 0.968583 0.000124
0.048422 0.965699 0.000128
0.053065 0.962519 0.000135
0.058248 0.958989 0.000138
0.064362 0.954855 0.000139
0.071819 0.949855 0.000140
0.081285 0.943574 0.000139
0.093760 0.935406 0.000140
0.110717 0.924498 0.000140
0.135656 0.908850 0.000139
0.167864 0.889309 0.000164
0.209313 0.865202 0.000170
0.263921 0.835103 0.000196
0.327149 0.802410 0.000233
0.397121 0.768664 0.000272
0.473821 0.734304 0.000313
0.557232 0.699716 0.000357
0.647336 0.665234 0.000404
0.744114 0.631135 0.000451
0.847544 0.597650 0.000501
0.959116 0.564529 0.000552
1.097585 0.527183 0.000547
1.265063 0.486760 0.000716
