0.739600 0.627000 0.011000
1.322500 0.474000 0.008000
2.496400 0.289000 0.006000
3.027600 0.238000 0.005000
4.104676 0.160000 0.005000
4.120900 0.163000 0.005000
5.531904 0.100000 0.004000
6.200100 0.087000 0.004000
7.772944 0.037100 0.014700
8.584900 0.034500 0.012200
12.716356 0.015300 0.013800
14.288400 0.012500 0.005500
16.728100 -0.001140 0.001600
17.808400 0.001630 0.001610
19.891600 -0.002390 0.000610
21.344400 -0.001630 0.001140
25.908100 -0.003870 0.000300
29.920900 -0.003480 0.000320
37.822500 -0.003190 0.000550
37.822500 -0.004200 0.000420
44.089600 -0.001890 0.000380
44.089600 -0.003130 0.000240
