30
0.006249 0.995177 0.000397
0.006639 0.994877 0.000412
0.007041 0.994569 0.000419
0.007455 0.994251 0.000431
0.008011 0.993825 0.000351
0.008678 0.993315 0.000387
0.009361 0.992793 0.000369
0.010149 0.992191 0.000352
0.011060 0.991497 0.000343
0.012107 0.990700 0.000348
0.013268 0.989818 0.000364
0.014564 0.988835 0.000374
0.016093 0.987678 0.000375
0.017958 0.986271 0.000378
0.020325 0.984491 0.000374
0.023445 0.982156 0.000375
0.027686 0.978999 0.000377
0.033925 0.974395 0.000372
0.041983 0.968513 0.000439
0.052354 0.961048 0.000454
0.066021 0.951384 0.000523
0.081851 0.940424 0.000619
0.099373 0.928561 0.000721
0.118588 0.915855 0.000828
0.139491 0.902377 0.000941
0.162082 0.888203 0.001061
0.186356 0.873413 0.001185
0.212310 0.858085 0.001314
0.240323 0.842084 0.001434
0.295790 0.811963 0.001123
