30
0.006249 0.995430 0.000397
0.006639 0.995145 0.000412
0.007041 0.994853 0.000419
0.007455 0.994551 0.000431
0.008011 0.994147 0.000351
0.008678 0.993663 0.000387
0.009361 0.993167 0.000369
0.010149 0.992596 0.000351
0.011060 0.991936 0.000342
0.012107 0.991179 0.000347
0.013268 0.990341 0.000364
0.014564 0.989406 0.000374
0.016093 0.988305 0.000375
0.017958 0.986966 0.000378
0.020325 0.985271 0.000374
0.023445 0.983045 0.000375
0.027686 0.980033 0.000376
0.033925 0.975633 0.000372
0.041983 0.970002 0.000438
0.052354 0.962841 0.000453
0.066021 0.953550 0.000522
0.081851 0.942989 0.000617
0.099373 0.931543 0.000719
0.118588 0.919276 0.000825
0.139491 0.906260 0.000937
0.162082 0.892568 0.001056
0.186356 0.878275 0.001178
0.212310 0.863455 0.001306
0.240323 0.847976 0.001424
0.295790 0.818812 0.001114
