30
0.006249 0.995427 0.000397
0.006639 0.995143 0.000412
0.007041 0.994850 0.000419
0.007455 0.994549 0.000431
0.008011 0.994144 0.000351
0.008678 0.993660 0.000387
0.009361 0.993164 0.000369
0.010149 0.992592 0.000351
0.011060 0.991932 0.000342
0.012107 0.991174 0.000347
0.013268 0.990335 0.000364
0.014564 0.989400 0.000374
0.016093 0.988299 0.000375
0.017958 0.986959 0.000378
0.020325 0.985263 0.000374
0.023445 0.983035 0.000375
0.027686 0.980022 0.000376
0.033925 0.975619 0.000372
0.041983 0.969986 0.000438
0.052354 0.962821 0.000453
0.066021 0.953524 0.000522
0.081851 0.942958 0.000617
0.099373 0.931505 0.000719
0.118588 0.919231 0.000825
0.139491 0.906208 0.000937
0.162082 0.892508 0.001056
0.186356 0.878206 0.001178
0.212310 0.863376 0.001306
0.240323 0.847887 0.001425
0.295790 0.818703 0.001114
