30
0.006249 0.995174 0.000397
0.006639 0.994874 0.000412
0.007041 0.994565 0.000419
0.007455 0.994247 0.000431
0.008011 0.993821 0.000351
0.008678 0.993311 0.000387
0.009361 0.992788 0.000369
0.010149 0.992186 0.000352
0.011060 0.991491 0.000343
0.012107 0.990694 0.000348
0.013268 0.989811 0.000364
0.014564 0.988828 0.000374
0.016093 0.987670 0.000375
0.017958 0.986262 0.000378
0.020325 0.984481 0.000374
0.023445 0.982144 0.000375
0.027686 0.978986 0.000377
0.033925 0.974379 0.000372
0.041983 0.968494 0.000439
0.052354 0.961024 0.000454
0.066021 0.951355 0.000523
0.081851 0.940389 0.000619
0.099373 0.928520 0.000721
0.118588 0.915806 0.000829
0.139491 0.902320 0.000941
0.162082 0.888137 0.001061
0.186356 0.873338 0.001185
0.212310 0.858000 0.001314
0.240323 0.841987 0.001435
0.295790 0.811844 0.001123
