37
0.018951 0.985514 0.000311
0.019791 0.984883 0.000311
0.020704 0.984197 0.000312
0.021695 0.983453 0.000314
0.022769 0.982650 0.000317
0.023958 0.981761 0.000314
0.025270 0.980782 0.000319
0.026713 0.979709 0.000318
0.028359 0.978487 0.000314
0.030224 0.977107 0.000318
0.032322 0.975558 0.000318
0.034708 0.973804 0.000321
0.037441 0.971801 0.000322
0.040591 0.969505 0.000327
0.044236 0.966861 0.000330
0.048422 0.963843 0.000339
0.053065 0.960517 0.000357
0.058248 0.956831 0.000367
0.064362 0.952519 0.000369
0.071819 0.947310 0.000372
0.081285 0.940777 0.000369
0.093760 0.932292 0.000370
0.110717 0.920977 0.000373
0.135656 0.904767 0.000369
0.167864 0.884571 0.000436
0.209313 0.859746 0.000452
0.263921 0.828916 0.000523
0.327149 0.795663 0.000621
0.397121 0.761589 0.000725
0.473821 0.727084 0.000836
0.557232 0.692382 0.000954
0.647336 0.657783 0.001080
0.744114 0.623638 0.001208
0.847544 0.590208 0.001342
0.959116 0.557203 0.001478
1.097585 0.519897 0.001466
1.265063 0.479433 0.001922
