37
0.018951 0.985523 0.000311
0.019791 0.984893 0.000311
0.020704 0.984207 0.000312
0.021695 0.983464 0.000314
0.022769 0.982661 0.000317
0.023958 0.981773 0.000314
0.025270 0.980795 0.000319
0.026713 0.979722 0.000318
0.028359 0.978500 0.000314
0.030224 0.977121 0.000318
0.032322 0.975573 0.000318
0.034708 0.973820 0.000321
0.037441 0.971819 0.000322
0.040591 0.969523 0.000327
0.044236 0.966881 0.000330
0.048422 0.963865 0.000339
0.053065 0.960541 0.000357
0.058248 0.956857 0.000367
0.064362 0.952547 0.000369
0.071819 0.947341 0.000372
0.081285 0.940812 0.000369
0.093760 0.932332 0.000370
0.110717 0.921023 0.000373
0.135656 0.904823 0.000369
0.167864 0.884639 0.000436
0.209313 0.859830 0.000452
0.263921 0.829022 0.000523
0.327149 0.795794 0.000621
0.397121 0.761748 0.000725
0.473821 0.727273 0.000836
0.557232 0.692604 0.000953
0.647336 0.658039 0.001079
0.744114 0.623929 0.001207
0.847544 0.590534 0.001342
0.959116 0.557568 0.001478
1.097585 0.520307 0.001465
1.265063 0.479895 0.001920
