37
0.018951 0.986247 0.000311
0.019791 0.985645 0.000311
0.020704 0.984992 0.000312
0.021695 0.984283 0.000314
0.022769 0.983518 0.000317
0.023958 0.982670 0.000313
0.025270 0.981736 0.000319
0.026713 0.980712 0.000318
0.028359 0.979545 0.000314
0.030224 0.978227 0.000318
0.032322 0.976747 0.000318
0.034708 0.975070 0.000321
0.037441 0.973154 0.000322
0.040591 0.970955 0.000326
0.044236 0.968421 0.000329
0.048422 0.965526 0.000339
0.053065 0.962334 0.000357
0.058248 0.958791 0.000366
0.064362 0.954644 0.000368
0.071819 0.949629 0.000371
0.081285 0.943332 0.000368
0.093760 0.935147 0.000369
0.110717 0.924224 0.000371
0.135656 0.908572 0.000368
0.167864 0.889062 0.000434
0.209313 0.865065 0.000449
0.263921 0.835236 0.000519
0.327149 0.803021 0.000616
0.397121 0.769953 0.000717
0.473821 0.736395 0.000826
0.557232 0.702556 0.000940
0.647336 0.668719 0.001062
0.744114 0.635238 0.001186
0.847544 0.602388 0.001315
0.959116 0.569918 0.001446
1.097585 0.533232 0.001430
1.265063 0.493454 0.001868
