37
0.018951 0.986254 0.000311
0.019791 0.985653 0.000311
0.020704 0.985000 0.000312
0.021695 0.984292 0.000314
0.022769 0.983527 0.000317
0.023958 0.982680 0.000313
0.025270 0.981746 0.000319
0.026713 0.980723 0.000318
0.028359 0.979556 0.000314
0.030224 0.978239 0.000318
0.032322 0.976760 0.000318
0.034708 0.975083 0.000321
0.037441 0.973169 0.000322
0.040591 0.970970 0.000326
0.044236 0.968438 0.000329
0.048422 0.965545 0.000339
0.053065 0.962354 0.000357
0.058248 0.958814 0.000366
0.064362 0.954669 0.000368
0.071819 0.949657 0.000371
0.081285 0.943363 0.000368
0.093760 0.935182 0.000369
0.110717 0.924265 0.000371
0.135656 0.908623 0.000368
0.167864 0.889125 0.000434
0.209313 0.865143 0.000449
0.263921 0.835334 0.000519
0.327149 0.803141 0.000616
0.397121 0.770098 0.000717
0.473821 0.736566 0.000826
0.557232 0.702755 0.000940
0.647336 0.668948 0.001062
0.744114 0.635499 0.001185
0.847544 0.602680 0.001315
0.959116 0.570245 0.001445
1.097585 0.533599 0.001429
1.265063 0.493869 0.001866
