0.812500 1679576.301402 1339.953301 0.000798
0.837500 1486983.068441 1230.666450 0.000828
0.862500 1321154.130051 1112.966619 0.000842
0.887500 1177751.379102 1021.158434 0.000867
0.920000 1019114.424230 719.781068 0.000706
0.957500 867753.598131 676.453469 0.000780
0.994500 744901.684722 553.314200 0.000743
1.035500 633021.423029 448.267514 0.000708
1.081000 532278.145150 367.429980 0.000690
1.131000 443535.331138 310.859773 0.000701
1.184000 368669.365693 271.181181 0.000736
1.240500 305377.487914 230.576369 0.000755
1.304000 249544.259194 189.195947 0.000758
1.377500 199854.610349 152.873599 0.000765
1.465500 155469.292964 118.031904 0.000759
1.574000 116306.634892 88.695183 0.000763
1.710500 82883.108683 63.629928 0.000768
1.893500 54700.129770 41.653659 0.000761
2.106500 35300.009995 31.867537 0.000903
2.352500 22359.459363 21.011284 0.000940
2.642000 13785.277830 15.086926 0.001094
2.942000 8767.693304 11.468367 0.001308
3.242000 5801.890883 8.944140 0.001542
3.542000 3965.302709 7.111927 0.001794
3.842000 2783.568941 5.747016 0.002065
4.142000 1998.450441 4.722552 0.002363
4.442000 1462.493207 3.917816 0.002679
4.742000 1088.026006 3.286488 0.003021
5.046000 818.077156 2.744463 0.003355
5.600000 502.270850 1.365276 0.002718
