0.707500 717040.454661 451.382150 0.000630
0.723000 656703.709725 413.799726 0.000630
0.739500 599234.657008 379.339367 0.000633
0.757000 544934.837363 347.351104 0.000637
0.775500 494001.657154 318.137760 0.000644
0.795500 445399.872296 283.866874 0.000637
0.817000 399577.823812 259.285321 0.000649
0.840000 356837.427193 231.163805 0.000648
0.865500 315857.188654 202.127847 0.000640
0.893500 277343.011405 179.999101 0.000649
0.924000 241768.310846 157.334089 0.000651
0.957500 208951.999262 137.502150 0.000658
0.994500 178847.407865 118.266385 0.000661
1.035500 151476.651686 101.724363 0.000672
1.081000 126877.549561 86.217130 0.000680
1.131000 105256.480694 73.844515 0.000702
1.184000 87061.891874 64.465248 0.000740
1.240500 71723.012511 54.703856 0.000763
1.304000 58235.121739 44.843833 0.000770
1.377500 46277.644846 36.164870 0.000781
1.465500 35648.016077 27.795391 0.000780
1.574000 26327.701052 20.771455 0.000789
1.710500 18439.951051 14.803791 0.000803
1.893500 11868.039035 9.596688 0.000809
2.106500 7418.883172 7.228428 0.000974
2.352500 4514.739575 4.679789 0.001037
2.642000 2644.388472 3.281923 0.001241
2.942000 1588.120028 2.433150 0.001532
3.242000 988.543493 1.842892 0.001864
3.542000 633.400527 1.423267 0.002247
3.842000 415.643174 1.115871 0.002685
4.142000 278.256560 0.888163 0.003192
4.442000 189.475601 0.711619 0.003756
4.742000 130.923659 0.576104 0.004400
5.046000 91.197456 0.466910 0.005120
5.400000 60.723247 0.329189 0.005421
5.800000 38.974772 0.298722 0.007664
